version = 'BM_Plain_GEMM_IKJ';
MY_MMult = [
16 971 8.436663
32 4758 13.773855
48 12255 18.048470
64 26999 19.418793
80 52088 19.659039
96 88392 20.018463
112 144939 19.386473
128 211498 19.831412
144 302545 19.739107
160 413056 19.832662
176 548361 19.883894
192 719491 19.674709
208 903591 19.918109
224 1125568 19.971115
240 1393717 19.837600
256 1697382 19.768344
272 2040956 19.719825
288 2435302 19.617996
304 2862703 19.627928
320 3330239 19.679068
336 3873084 19.588037
352 4423789 19.718033
368 5170600 19.276692
384 5718870 19.802200
400 6691453 19.128880
416 7411931 19.425787
432 8288103 19.454770
448 9373734 19.184541
464 10508751 19.012220
480 11467974 19.287103
496 13452920 18.140885
512 13958057 19.231578
528 15372302 19.151062
544 16453522 19.568963
560 18402323 19.086286
576 20864508 18.318474
592 21438236 19.355575
608 23892136 18.814200
624 25022546 19.420136
640 28554995 18.360641
656 29568356 19.094766
672 31487307 19.275351
688 33675524 19.341090
704 36055957 19.354009
720 38476114 19.401544
736 41263587 19.323975
752 44333020 19.184752
768 46429562 19.512776
784 50172691 19.209267
800 54425151 18.814831
816 56072745 19.379772
832 60028010 19.188721
848 62395284 19.546355
864 66167359 19.495188
880 70595668 19.306340
896 74105836 19.413400
912 78122904 19.419415
928 83074214 19.240116
944 86797469 19.383800
960 92013395 19.230591
976 95907715 19.387683
992 100541237 19.418728
1008 109862146 18.645048
1024 110160548 19.494126
1040 115062580 19.552212
1056 121015422 19.461712
1072 126885630 19.417884
1088 133411028 19.307451
1104 140329251 19.177368
1120 145447057 19.318755
1136 150306412 19.506865
1152 157557215 19.406586
1168 166694696 19.117748
1184 174408913 19.033402
1200 178745292 19.334775
1216 187384172 19.191009
1232 195419749 19.137873
1248 199698669 19.466980
1264 208712980 19.351817
1280 218767035 19.172468
1296 225796395 19.280931
1312 235779823 19.156884
1328 251181436 18.648190
1344 251715114 19.289391
1360 268597341 18.730312
1376 275320953 18.925442
1392 280254347 19.248431
1408 291491371 19.151917
1424 300428815 19.222877
1440 311879214 19.148336
1456 320118719 19.284263
1472 335727242 19.000579
1488 338123887 19.487805
1504 356992815 19.059611
1520 368502626 19.059880
1536 385348578 18.808315
1552 385857120 19.376647
1568 402020393 19.178741
1584 419443363 18.950567
1600 425859876 19.236374
1616 441384356 19.122168
1632 458854701 18.945901
1648 464983941 19.251460
1664 491683154 18.741512
1680 507249353 18.695468
1696 515893477 18.912437
1712 541378138 18.537047
1728 539262334 19.136439
1744 556167056 19.074984
1760 599757656 18.179930
1776 606637885 18.468403
1792 615780218 18.690386
1808 633230336 18.666529
1824 657574729 18.456927
1840 699817544 17.803223
1856 794932068 16.085475
1872 732316683 17.916311
1888 775008271 17.367193
1904 802879038 17.194150
1920 809251714 17.492426
1936 926596700 15.662292
1952 857473274 17.347977
1968 1001332208 15.223941
1984 1059118774 14.747226
2000 1146357323 13.957254
2016 1142012371 14.349302
2032 1327653559 12.639106
2048 1448411990 11.861176
];