version = 'BM_GEMM_BLOCKED_OPENMP';
MY_MMult = [
128 246146 17.039903
256 1152820 29.106393
384 2003049 56.536913
512 3318808 80.883093
640 4190712 125.107142
768 6551614 138.281905
896 13962351 103.037538
1024 17954265 119.608553
1152 23400069 130.668316
1280 29796953 140.762849
1408 41786082 133.599954
1536 54151382 133.842518
1664 65829905 139.980240
1792 87363641 131.738673
1920 100800712 140.433294
2048 126157211 136.178258
2176 147274089 139.920170
2304 177093778 138.125581
2432 204934845 140.379891
2560 247071183 135.808764
2688 283969904 136.787205
2816 322201470 138.611872
2944 368724419 138.401728
3072 435016178 133.287131
3200 470229461 139.370255
3328 551006119 133.789961
3456 592936934 139.233164
3584 668428948 137.745922
3712 749911104 136.409342
3840 820069875 138.093364
3968 909901146 137.325369
4096 1007605179 136.401595
4224 1110287367 135.758280
4352 1195408548 137.905091
4480 1317282329 136.516508
4608 1439731358 135.920807
4736 1540689457 137.895459
4864 1710424942 134.557117
4992 1817143540 136.919244
5120 1994620224 134.579732
5248 2109633808 137.026447
5376 2274412437 136.627636
5504 2455189196 135.825186
5632 2664126987 134.110571
5760 2800954393 136.455614
5888 3064510976 133.220856
6016 3184704754 136.736451
6144 3472859906 133.566133
6272 3635123590 135.746601
6400 4099683435 127.884996
6528 4102379666 135.623386
6656 4397752481 134.103204
6784 4597150609 135.830964
6912 4935062370 133.828478
7040 5185148350 134.581941
7168 5561684152 132.439540
7296 5788801940 134.182470
7424 6116737382 133.790122
7552 6395888274 134.683710
7680 6846107561 132.333542
7808 7137849495 133.377331
7936 7476492982 133.701735
8064 7850628802 133.590972
8192 8366073110 131.425056
];