version = 'BM_GEMM_BLOCKED_PACKED_OPENMP';
MY_MMult = [
128 240798 17.418351
256 821086 40.865917
384 1252951 90.383589
512 1725915 155.532257
640 3674097 142.698464
768 5908860 153.323935
896 10082012 142.694362
1024 12419094 172.917899
1152 19472776 157.021660
1280 24122186 173.877442
1408 34937120 159.790464
1536 41627253 174.110872
1664 59022318 156.125449
1792 69305507 166.064295
1920 82021128 172.586946
2048 99817267 172.113199
2176 119495530 172.446748
2304 145951206 167.598347
2432 170681050 168.552579
2560 195557036 171.583865
2688 228236297 170.189623
2816 261961834 170.486472
2944 301372832 169.332107
3072 336746129 172.183296
3200 394638303 166.065989
3328 473080910 155.827651
3456 513463595 160.783523
3584 560758753 164.194247
3712 613393916 166.768658
3840 631759531 179.255243
3968 725273152 172.283381
4096 822137620 167.172685
4224 929779008 162.114547
4352 994279808 165.801340
4480 1088528064 165.205464
4608 1184529149 165.204417
4736 1231625849 172.498881
4864 1371117423 167.855681
4992 1455035052 170.993763
5120 1691259586 158.719252
5248 1847724867 156.449497
5376 1954246021 159.011502
5504 2049656632 162.698729
5632 2251813590 158.666594
5760 2306142476 165.733885
5888 2478368943 164.728006
6016 2469867775 176.311149
6144 2695896670 172.060181
6272 2944016206 167.613096
6400 3112502853 168.445789
6528 3132150440 177.634705
6656 3397062392 173.606672
6784 3594495124 173.719918
6912 3917592893 168.586145
7040 4206707361 165.884448
7168 4385448974 167.961569
7296 4636038243 167.547311
7424 4695521110 174.285031
7552 4842567299 177.885388
7680 5088261415 178.050927
7808 5443183374 174.902672
7936 5588696598 178.864618
8064 5981116362 175.347388
8192 6245306699 176.054064
];