version = 'BM_GEMM_CBLAS';
MY_MMult = [
128 35659 117.622592
256 213487 157.173186
384 525395 215.544891
512 1111205 241.571498
640 7597385 69.009008
768 3626629 249.810406
896 5351225 268.844287
1024 7822104 274.540411
1152 11731164 260.643157
1280 23997261 174.782614
1408 19532312 285.814533
1536 25848153 280.397493
1664 34022784 270.844558
1792 39322412 292.687289
1920 48694142 290.707987
2048 61243292 280.518382
2176 74913721 275.071312
2304 84736772 288.672560
2432 97717510 294.407125
2560 115603124 290.255409
2688 139353123 278.741147
2816 159407549 280.168344
2944 189628753 269.115817
3072 218285698 265.624633
3200 242552267 270.193311
3328 278758871 264.454677
3456 304533527 271.091615
3584 342397731 268.907627
3712 383222761 266.933206
3840 423769799 267.235202
3968 466839997 267.655966
4096 507891073 270.607145
4224 563945626 267.278787
4352 621364189 265.308055
4480 704066333 255.417388
4608 729594888 268.216582
4736 798079583 266.206635
4864 859471797 267.780572
4992 963275068 258.287510
5120 1013570728 264.841366
5248 997164468 289.897640
5376 1086699795 285.955327
5504 1149725166 290.048907
5632 1239481050 288.255792
5760 1395443745 273.895636
5888 1466540320 278.380873
6016 1612415678 270.070076
6144 1760639366 263.459103
6272 1909443881 258.428999
6400 1990992854 263.329926
6528 2142120526 259.732640
6656 2172849193 271.419065
6784 2496230869 250.151300
6912 2501365126 264.036577
7040 2682456410 260.144890
7168 3048486622 241.623790
7296 3297774099 235.539402
7424 3319752201 246.512087
7552 3497818740 246.274043
7680 3640871585 248.833183
7808 3819739740 249.238791
7936 4035927297 247.680399
8064 3665325174 286.133721
8192 3833996238 286.779527
];