version = 'BM_GEMM_IKJ_OPENMP';
MY_MMult = [
64 6611 79.305400
128 36019 116.446986
192 129514 109.299195
256 258814 129.646897
320 606042 108.137720
384 875441 129.359041
448 1494407 120.335882
512 2816779 95.298728
576 3454395 110.643384
640 5417356 96.779314
704 6050765 115.328777
768 7687745 117.845957
832 11404450 101.000990
896 16368415 87.891605
960 17682864 100.067048
1024 17987911 119.384827
1088 24158500 106.621973
1152 27898750 109.598015
1216 32701576 109.966914
1280 41236538 101.713291
1344 43251196 112.261200
1408 56684227 98.486280
1472 58372240 109.281605
1536 62586113 115.804561
1600 75486021 108.523405
1664 82103841 112.234529
1728 106272103 97.105077
1792 104330981 110.314022
1856 113475149 112.684232
1920 132012877 107.230267
1984 142229318 109.816063
2048 166041744 103.467169
2112 167291243 112.625966
2176 203654646 101.184117
2240 255418868 88.007782
2304 250391437 97.691763
2368 319645878 83.081816
2432 317341753 90.655361
2496 379900513 81.864169
2560 350103852 95.841368
2624 385209040 93.804790
2688 411362599 94.426303
2752 456713600 91.270691
2816 506334555 88.204426
2880 583936854 81.816627
2944 583824887 87.409937
3008 642326424 84.743755
3072 729692748 79.460922
3136 685557832 89.973385
3200 772969033 84.784768
3264 854823802 81.358670
3328 800976551 92.036511
3392 1091624538 71.502996
3456 874035268 94.454410
3520 1047205488 83.296370
3584 1004438361 91.666512
3648 1176214010 82.548301
3712 1220980696 83.780915
3776 1471123074 73.194247
3840 1182350562 95.780568
3904 1631259732 72.951850
3968 1534901298 81.407522
4032 2054638425 63.805213
4096 1672671854 82.167314
];