version = 'BM_Plain_GEMM_KIJ';
MY_MMult = [
16 614 13.342020
32 3671 17.852356
48 11625 19.026581
64 27435 19.110188
80 53183 19.254273
96 90935 19.458646
112 146727 19.150231
128 224841 18.654534
144 329935 18.100438
160 456032 17.963652
176 580639 18.778539
192 740619 19.113439
208 943204 19.081582
224 1166061 19.277592
240 1453053 19.027523
256 1769581 18.961795
272 6251562 6.437958
288 2528772 18.892863
304 2918884 19.250141
320 3437811 19.063293
336 4024182 18.852555
352 4646679 18.772206
368 5357953 18.602639
384 6034891 18.765245
400 6772861 18.898956
416 7739709 18.603101
432 8808267 18.305887
448 9488508 18.952483
464 10676743 18.713075
480 11743149 18.835152
496 12935637 18.866320
512 14354567 18.700352
528 15585855 18.888659
544 17156371 18.767277
560 18703461 18.778984
576 20612310 18.542606
592 21920837 18.929449
608 24153905 18.610300
624 25550108 19.019147
640 27396956 19.136725
656 30941991 18.247075
672 31961252 18.989522
688 34738542 18.749242
704 37956850 18.384753
720 40099099 18.616279
736 42732852 18.659567
752 45235169 18.802141
768 48216643 18.789563
784 51270917 18.797803
800 54387708 18.827784
816 57917827 18.762392
832 61712990 18.664802
848 65004712 18.761723
864 67035140 19.242819
880 72626784 18.766410
896 75903349 18.953660
912 82210153 18.453938
928 84765620 18.856200
944 90309620 18.629962
960 95960098 18.439664
976 99417147 18.703296
992 106390425 18.351115
1008 109860507 18.645327
];