version = 'BM_Plain_GEMM_IJK_BLOCKED';
MY_MMult = [
128 218182 19.223877
256 1761618 19.047507
384 5953806 19.020809
512 14381606 18.665193
640 27815625 18.848687
768 48432646 18.705764
896 76928168 18.701164
1024 118899187 18.061382
1152 162508088 18.815357
1280 224493484 18.683411
1408 295192240 18.911807
1536 390727375 18.549397
1664 490661403 18.780540
1792 621324850 18.523595
1920 750575664 18.859892
2048 958442659 17.924775
2176 1091930645 18.871726
2304 1327230976 18.430237
2432 1528433473 18.822364
2560 1820064165 18.435851
2688 2060685925 18.849767
2816 2427284830 18.399550
2944 2699573083 18.903766
3072 3305757935 17.539717
3200 3482431302 18.819036
3328 4028937386 18.297402
3456 4377873704 18.857667
3584 5043932296 18.254282
3712 5453541592 18.757514
3840 6182493670 18.317238
3968 6624155465 18.863161
];