version = 'BM_Plain_GEMM_KJI';
MY_MMult = [
16 1878 4.362087
32 13010 5.037356
48 43707 5.060608
64 104299 5.026779
80 198364 5.162227
96 361576 4.893776
112 605227 4.642648
128 4373840 0.958952
144 1294208 4.614380
160 2863230 2.861104
176 2395693 4.551314
192 7303264 1.938281
208 4672269 3.852052
224 8831487 2.545307
240 7679587 3.600194
256 81027294 0.414113
272 11967914 3.362933
288 23358846 2.045296
304 24322872 2.310127
320 33089013 1.980597
336 36487024 2.079263
352 43447761 2.007662
368 48793470 2.042734
384 113578014 0.997079
400 63295653 2.022256
416 71046054 2.026609
432 78230695 2.061124
448 94486325 1.903247
464 96838676 2.063170
480 108347946 2.041423
496 117335876 2.079908
512 1233241042 0.217667
528 144147424 2.042325
544 154548415 2.083350
560 169430343 2.073017
576 200630404 1.905025
592 199608373 2.078817
608 220567520 2.037977
624 235095782 2.066993
640 593839485 0.882878
656 275015777 2.052976
672 299549301 2.026140
688 324264953 2.008609
704 367152816 1.900645
720 364035925 2.050611
736 406002895 1.963968
752 416583197 2.041652
768 2417336768 0.374780
784 520640767 1.851143
800 535012162 1.913975
816 557443806 1.949393
832 655714298 1.756650
848 673762662 1.810134
864 676240685 1.907524
880 753023389 1.809962
896 1774339214 0.810807
912 791843194 1.915911
928 897446296 1.781006
944 897564807 1.874477
960 1065823082 1.660193
976 977887737 1.901474
992 4615757146 0.422982
1008 5130808471 0.399232
];