version = 'BM_Plain_GEMM_IJK_BLOCKED_64_64';
MY_MMult = [
128 233403 17.970223
256 1786088 18.786550
384 6113249 18.524717
512 14800783 18.136571
640 28790149 18.210673
768 49403343 18.338226
896 77863878 18.476427
1024 119485668 17.972730
1152 166216872 18.395531
1280 232882580 18.010381
1408 311199770 17.939019
1536 395748981 18.314026
1664 502045477 18.354684
1792 627267805 18.348096
1920 772988018 18.313060
2048 937206693 18.330929
2176 1117362591 18.442192
2304 1333165638 18.348193
2432 1557904770 18.466296
2560 1866140320 17.980659
2688 2103011910 18.470390
2816 2411155529 18.522633
2944 2771573803 18.412678
3072 3222488699 17.992944
3200 3548745287 18.467372
3328 4011552190 18.376699
3456 4623992819 17.853939
3584 5148379931 17.883948
3712 5550898747 18.428526
3840 6168171578 18.359769
3968 6890539990 18.133921
4096 7740016135 17.756934
4224 8203714274 18.373471
4352 9146442020 18.023722
4480 9796126222 18.357336
];