version = 'BM_Plain_GEMM_JKI';
MY_MMult = [
16 2087 3.925252
32 17028 3.848720
48 57051 3.876952
64 137589 3.810537
80 252215 4.060028
96 437194 4.047338
112 749760 3.747674
128 5088571 0.824260
144 1524854 3.916420
160 3065570 2.672260
176 2778366 3.924448
192 7096049 1.994881
208 4769250 3.773722
224 8731003 2.574601
240 7766357 3.559970
256 81232306 0.413068
272 12659267 3.179275
288 23903011 1.998733
304 24719343 2.273075
320 33135731 1.977805
336 36810108 2.061013
352 44150262 1.975717
368 51032912 1.953094
384 111642476 1.014365
400 63941431 2.001832
416 71441497 2.015392
432 78949635 2.042354
448 95929173 1.874620
464 101706008 1.964433
480 109705950 2.016153
496 119975093 2.034154
512 1336368421 0.200869
528 148446776 1.983175
544 160441049 2.006833
560 174030860 2.018217
576 213565351 1.789644
592 207476435 1.999983
608 222544699 2.019870
624 241590039 2.011429
640 601034810 0.872309
656 292148099 1.932584
672 301910880 2.010292
688 330824705 1.968781
704 376949177 1.851250
720 375402399 1.988522
736 418161285 1.906864
752 432475544 1.966627
768 2437334242 0.371705
784 491223071 1.962002
800 546547744 1.873578
816 596544729 1.821619
832 642573166 1.792575
848 627815717 1.942609
864 680037903 1.896872
880 734524791 1.855545
896 1759426172 0.817679
912 805661570 1.883050
928 834275041 1.915864
944 865109848 1.944799
960 997969800 1.773072
976 975679641 1.905778
992 4654940502 0.419422
1008 5236868509 0.391147
];