version = 'BM_Plain_GEMM_IJK_BLOCKED_AVX';
MY_MMult = [
64 12815 40.912056
128 114014 36.787623
192 355115 39.862512
256 1139412 29.448902
320 1664503 39.372714
384 3323954 34.069728
448 4843752 37.126340
512 9662374 27.781522
576 10405988 36.729425
640 15882539 33.010339
704 20019538 34.857314
768 33200890 27.287511
832 32941827 34.966510
896 45388018 31.696609
1024 129698561 16.557498
1088 80184805 32.123629
1152 100103616 30.544827
1216 108521509 33.137130
1280 168765243 24.852890
1344 145822643 33.296826
1408 183323344 30.452306
1472 193441695 32.976407
1536 305653812 23.712308
1600 252744776 32.412144
1664 304542071 30.258170
1728 324956426 31.756752
1792 474554720 24.252567
1856 397597675 32.160299
1920 476731463 29.693396
1984 473713000 32.971575
2048 1339892565 12.821826
2112 555552587 33.914589
2176 686781428 30.004620
2240 669787590 33.561159
2304 988358201 24.749307
2368 789351805 33.643757
2432 970035797 29.657391
2496 947112210 32.836912
2560 1431130492 23.446102
2624 1118823035 32.296844
2688 1336762838 29.057846
2752 1276299260 32.660495
2816 1837451059 24.305926
2880 1418670172 33.676428
2944 1681012180 30.357958
3008 1601982362 33.978622
3072 4198188144 13.811210
3136 1836538375 33.585990
3200 2171965016 30.173598
3264 2079891144 33.437965
3328 3003000428 24.548477
3392 2347991699 33.243058
3456 2732994959 30.207332
3520 2599748382 33.552638
3584 3947355804 23.325326
3648 2891571110 33.578447
3712 3376210736 30.298725
3776 3184830453 33.809569
3840 4609516574 24.567914
3904 3484419056 34.153014
3968 4100259854 30.474291
4032 3981589450 32.925705
4096 8979117484 15.306510
4160 4278851923 33.649819
4224 5097117825 29.571752
4288 4689798472 33.623285
];