version = 'BM_Plain_GEMM_IKJ_BLOCKED';
MY_MMult = [
64 18927 27.700534
128 166559 25.182092
256 1456001 23.045611
384 5032804 22.501613
512 12109624 22.167117
640 23683493 22.137275
768 41750291 21.699721
896 65795625 21.865379
1024 98985387 21.694956
2048 969952621 17.712070
3072 3656571120 15.856948
4096 8607084807 15.968119
5120 16892000000 15.891277
6144 28899000000 16.050952
7168 45949000000 16.030531
8192 71168000000 15.449523
];