version = 'BM_Plain_GEMM_IJK_BLOCKED_2';
MY_MMult = [
64 28254 18.556240
128 229172 18.301992
192 774617 18.274549
256 1854686 18.091705
320 3565366 18.381283
384 6228955 18.180611
448 9921092 18.126108
512 14696092 18.265771
576 21238833 17.995619
640 28672382 18.285471
704 38369396 18.187081
768 50429484 17.965079
832 69186231 16.648699
896 80494560 17.872590
1024 123482165 17.391043
1088 141708730 18.176911
1152 168776190 18.116582
1216 197239158 18.232137
1280 233778652 17.941347
1344 264648245 18.346735
1408 303583605 18.389065
1472 349522515 18.250647
1536 405843597 17.858499
1600 449953152 18.206340
1664 505981330 18.211909
1728 570652417 18.083794
1792 645243258 17.836948
1856 705762519 18.117794
1920 776620168 18.227412
1984 862224269 18.114851
2048 1031078666 16.662035
2112 1034563564 18.211871
2176 1133877039 18.173589
2240 1249384621 17.991936
2304 1356684766 18.030114
2368 1458097893 18.213290
2432 1579019752 18.219361
2496 1694262916 18.356206
2560 1882692723 17.822575
2624 1984102598 18.211988
2688 2136377252 18.181924
2752 2304389716 18.089200
2816 2504284495 17.833816
2880 2623377965 18.211537
2944 2818568069 18.105682
3008 2989394040 18.208758
3072 3525117202 16.448264
3136 3385146826 18.221354
3200 3591050207 18.249814
3264 3807831266 18.264288
3328 4091422935 18.017958
3392 4430361416 17.618072
3456 4615566128 17.886535
3520 4803064177 18.160993
3584 5233764695 17.592186
3648 5361717239 18.108838
3712 5726474537 17.863500
3776 6068933483 17.742449
3840 6315087201 17.932644
3904 6561671414 18.136144
3968 6962475035 17.946565
4032 7281660430 18.003674
4096 8436148881 16.291670
4160 7941126391 18.131256
4224 8362134425 18.025386
4288 8689234871 18.147332
];