version = 'BM_Plain_GEMM_IJK_BLOCKED_128_8';
MY_MMult = [
128 220624 19.011096
256 1760345 19.061282
384 5970468 18.967727
512 14465328 18.557163
640 27959751 18.751526
768 48460645 18.694957
896 76641073 18.771218
1024 115025333 18.669658
1152 163659677 18.682963
1280 224390183 18.692012
1408 299478827 18.641113
1536 388270177 18.666789
1664 490268676 18.795584
1792 625248090 18.407366
1920 751439020 18.838223
2048 922453957 18.624094
2176 1109526147 18.572447
2304 1317963139 18.559837
2432 1533914806 18.755104
2560 1806572922 18.573528
2688 2076047246 18.710292
2816 2385203327 18.724168
2944 2717970146 18.775812
3072 3126546627 18.545080
3200 3504272738 18.701741
3328 3935734987 18.730704
3456 4401589018 18.756064
3584 4939331901 18.640853
3712 5462618659 18.726345
3840 6048438555 18.723214
3968 6691058117 18.674552
4096 7431603871 18.493848
4224 8109706146 18.586457
];