version = 'BM_Plain_GEMM_IKJ_2';
MY_MMult = [
64 28091 18.663914
128 220882 18.988890
192 712326 19.872609
256 1671023 20.080174
320 3343471 19.601187
384 6077338 18.634180
448 9861523 18.235600
512 14171930 18.941348
576 19224666 19.881019
640 27765244 18.882888
704 36740111 18.993610
768 46727722 19.388269
832 58201989 19.790745
896 73167694 19.662315
960 92881582 19.050838
1024 115412517 18.607026
1088 140705457 18.306518
1152 164914875 18.540763
1216 195452050 18.398842
1280 227530280 18.434048
1344 250037097 19.418843
1408 308273320 18.109315
1472 345361033 18.470561
1536 420584949 17.232565
1600 606099956 13.515922
1664 603203273 15.276585
1728 652692665 15.810750
1792 797697695 14.427985
1856 817297301 15.645298
1920 931337736 15.199401
1984 1095893251 14.252359
2048 1251125253 13.731534
2112 1425988105 13.212830
2176 1720073446 11.980079
2240 1770786785 12.694271
2304 2007873969 12.182628
2368 2222271788 11.950275
2432 2536117823 11.343610
2496 2571621064 12.093632
2560 2653647621 12.644645
2624 2860730941 12.631196
2688 3140532318 12.368428
2752 3379995256 12.332729
2816 3580160419 12.474566
2880 3849465925 12.411006
2944 4121077629 12.383192
3008 4765925536 11.421318
3072 4719250740 12.286285
3136 4905245118 12.574695
3200 5193483053 12.618892
3264 5541793200 12.549607
3328 5897642238 12.499756
3392 6277173212 12.434646
3456 7078251738 11.663401
3520 6991490760 12.476369
3584 7563364765 12.173598
3648 7794581027 12.456663
3712 8383640220 12.201726
3776 8703022615 12.372454
3840 9193804672 12.317665
3904 9765986628 12.185498
3968 10185000000 12.268288
4032 10662000000 12.295690
4096 11341000000 12.118768
];