version = 'BM_Plain_GEMM_IJK_BLOCKED_AVX_3';
MY_MMult = [
64 12395 42.298346
128 103845 40.390043
192 357400 39.607655
256 975013 34.414343
320 1577378 41.547429
384 2886251 39.236438
448 4513138 39.846064
512 9120185 29.433115
576 9858273 38.770072
640 14217333 36.876677
704 18130508 38.489122
768 28512033 31.774994
832 29617646 38.891029
896 40150089 35.831708
1024 143842124 14.929449
1088 65481805 39.336529
1152 85798749 35.637438
1216 91126456 39.462649
1280 132277357 31.708405
1344 124158134 39.106831
1408 158492090 35.223326
1472 169056074 37.733114
1536 268156987 27.028038
1600 210179202 38.976264
1664 262241518 35.138928
1728 264720000 38.982928
1792 393578103 29.242405
1856 326929042 39.112035
1920 411185356 34.426751
1984 409473175 38.144291
2048 1356665976 12.663301
2112 489695013 38.475658
2176 602498820 34.201919
2240 589938085 38.103741
2304 863562661 28.325890
2368 682777659 38.895180
2432 838029199 34.329032
2496 799417227 38.903640
2560 1440773811 23.289174
2624 924311269 39.093382
2688 1092740508 35.546819
2752 1035917607 40.239268
2816 1528680008 29.215368
2880 1205271689 39.638983
2944 1437277102 35.506095
3008 1376100713 39.556082
3072 4279450141 13.548951
3136 1544477393 39.937107
3200 1835758269 35.699689
3264 1723890529 40.343239
3328 2489983437 29.606256
3392 1947428760 40.080760
3456 2320993041 35.569467
3520 2193247779 39.771346
3584 3830126264 24.039250
3648 2443287277 39.739276
3712 2867538746 35.673408
3776 2711692407 39.708687
3840 3956919683 28.619789
3904 3061533345 38.870527
3968 3623671667 34.482294
4032 3372529480 38.871904
4096 13722000000 10.015956
4160 3659494240 39.344943
4224 4254824001 35.425837
4288 4084788583 38.603328
4352 5756898587 28.635718
4416 4349866672 39.595082
4480 5218513709 34.460154
4544 4807823047 39.029815
4608 8313285865 23.539362
4672 5193191459 39.273912
4736 6109369722 34.775123
4800 5753853499 38.441020
4864 7910490328 29.094258
4928 6069768158 39.433924
4992 6954180858 35.777315
5056 6445149828 40.106815
5120 20414000000 13.149577
];