version = 'BM_Plain_GEMM_IJK';
MY_MMult = [
16 1646 4.976914
32 16809 3.898864
48 70915 3.119002
64 156572 3.348543
80 332639 3.078412
96 623277 2.838982
112 1051033 2.673423
128 2298847 1.824525
144 2287359 2.610857
160 3231979 2.534670
176 4502888 2.421458
192 6250880 2.264605
208 7742479 2.324556
224 9759136 2.303365
240 11901443 2.323080
256 27929671 1.201390
272 18234607 2.207193
288 22225888 2.149554
304 25709305 2.185548
320 30937395 2.118343
336 34770975 2.181880
352 40770900 2.139477
368 46039634 2.164919
384 62620535 1.808452
400 59665645 2.145288
416 67058280 2.147126
432 74382165 2.167766
448 85759924 2.096909
464 93262009 2.142294
480 104805419 2.110425
496 115165512 2.119106
512 283853410 0.945683
528 141813339 2.075939
544 155878603 2.065571
560 168626401 2.082900
576 188012129 2.032879
592 198797948 2.087292
608 218898710 2.053513
624 231672474 2.097536
640 310857552 1.686586
656 270724840 2.085515
672 295636048 2.052960
688 310764220 2.095870
704 355426549 1.963352
720 367880804 2.029179
736 394037628 2.023605
752 418649722 2.031574
768 860125801 1.053299
784 480541672 2.005613
800 519963450 1.969369
816 539549754 2.014044
832 594635406 1.937087
848 614803875 1.983723
864 663429121 1.944360
880 685589932 1.987987
896 964526040 1.491558
912 756668830 2.004974
928 783498834 2.040025
944 822411692 2.045770
960 919142742 1.925133
976 914358901 2.033587
992 979985195 1.992258
1008 1012546852 2.023003
];