version = 'BM_Plain_GEMM_IJK_BLOCKED_AVX_2';
MY_MMult = [
64 12455 42.094580
128 103708 40.443399
192 343565 41.202614
256 981749 34.178219
320 1622573 40.390170
384 2850421 39.729643
448 4592788 39.155037
512 9199294 29.180006
576 9649185 39.610180
640 13613182 38.513259
704 17332866 40.260354
768 26616337 34.038105
832 28537357 40.363259
896 36482395 39.433987
1024 148450455 14.465996
1088 62906528 40.946894
1152 77624410 39.390285
1216 89286015 40.276088
1280 128346928 32.679426
1344 118211894 41.073965
1408 141327629 39.501254
1472 159534476 39.985163
1536 250264016 28.960445
1600 204111940 40.134840
1664 244655907 37.664678
1728 255724660 40.354187
1792 359370184 32.025946
1856 312978956 40.855335
1920 384151922 36.849421
1984 387330547 40.324895
2048 1334207331 12.876461
2112 478368757 39.386640
2176 581223100 35.453883
2240 560922431 40.074789
2304 812706855 30.098406
2368 694315561 38.248833
2432 814290473 35.329814
2496 792781166 39.229287
2560 1427384355 23.507636
2624 905477690 39.906509
2688 1187297293 32.715858
2752 1080503399 38.578838
2816 1581221954 28.244579
2880 1207919854 39.552081
2944 1461072141 34.927842
3008 1354390082 40.190159
3072 4385039517 13.222699
3136 1542886702 39.978282
3200 1849595086 35.432620
3264 1733331291 40.123505
3328 2458657273 29.983474
3392 1936197040 40.313265
3456 2301032069 35.878025
3520 2181122826 39.992436
3584 3815525272 24.131241
3648 2440862141 39.778759
3712 2847554315 35.923768
3776 2690813085 40.016806
3840 3795912983 29.833721
3904 2954877244 40.273556
3968 3480226718 35.903555
4032 3261052473 40.200715
4096 13714000000 10.021799
4160 3587735664 40.131884
4224 4183614457 36.028823
4288 3931776787 40.105642
4352 5516876951 29.881566
4416 4314340502 39.921125
4480 5038843050 35.688904
4544 4690346762 40.007371
4608 8109794426 24.130013
4672 5092801140 40.048087
4736 5942986588 35.748706
4800 5523743906 40.042407
4864 7681376816 29.962057
4928 5953404707 40.204687
4992 6928988741 35.907393
5056 6415838809 40.290045
];