version = 'BM_Plain_GEMM_IKJ';
MY_MMult = [
16 965 8.489119
48 12381 17.864793
80 53606 19.102339
112 147695 19.024720
144 303740 19.661447
176 595311 18.315724
208 929479 19.363347
240 1417234 19.508423
272 2114947 19.029931
304 2941094 19.104771
336 4006707 18.934779
368 5222967 19.083418
400 6587386 19.431076
432 8455557 19.069487
464 10709793 18.655327
496 13082949 18.653889
528 15665828 18.792234
560 18968263 18.516825
592 21442552 19.351679
624 25743268 18.876440
656 29403723 19.201678
688 34909618 18.657361
720 40105518 18.613299
752 45726408 18.600149
784 51189733 18.827615
816 57532899 18.887923
848 65200056 18.705511
880 73120649 18.639660
912 81304608 18.659472
944 96137497 17.500609
976 100404743 18.519328
1008 107705984 19.018303
];