version = 'BM_Plain_GEMM_JIK';
MY_MMult = [
16 2216 3.696751
32 22474 2.916081
48 72635 3.045144
64 202604 2.587748
80 368235 2.780833
96 664749 2.661865
112 1154237 2.434384
128 2421481 1.732123
144 2495422 2.393170
160 3542635 2.312403
176 4603096 2.368743
192 6580291 2.151239
208 8054177 2.234595
224 10145306 2.215690
240 12399940 2.229688
256 24513632 1.368807
272 18618977 2.161628
288 21992018 2.172413
304 25839282 2.174555
320 31505431 2.080149
336 35218430 2.154159
352 42075148 2.073158
368 47822414 2.084212
384 62940952 1.799245
400 60012228 2.132899
416 68728454 2.094949
432 78083307 2.065014
448 87295809 2.060016
464 93147258 2.144934
480 104611244 2.114343
496 115110123 2.120125
512 289558893 0.927050
528 141252702 2.084179
544 161323904 1.995850
560 166901948 2.104421
576 188441787 2.028244
592 201314637 2.061198
608 219519248 2.047708
624 230798936 2.105474
640 312759007 1.676332
656 270177828 2.089738
672 294138129 2.063415
688 317232810 2.053134
704 342901591 2.035066
720 360297544 2.071888
736 386229651 2.064514
752 409086268 2.079068
768 749775599 1.208321
784 470167590 2.049866
800 501199176 2.043100
816 522768366 2.078697
832 568730095 2.025321
848 586388817 2.079849
864 628121411 2.053656
880 657559417 2.072731
896 980821159 1.466777
912 738785075 2.053508
928 805412083 1.984521
944 837894160 2.007968
960 879787396 2.011250
976 905113409 2.054360
992 963655188 2.026018
1008 1008023482 2.032081
];