version = 'GEMM_BLOCKED_64_64_64';
MY_MMult = [
128 232627 18.030168
256 1981074 16.937496
384 6331880 17.885084
512 15736878 17.057733
640 29501759 17.771415
768 53967162 16.787425
896 81436833 17.665793
1024 127497883 16.843289
1152 171317622 17.847829
1280 242636800 17.286347
1408 311916026 17.897826
1536 420172722 17.249471
1664 541560656 17.015427
1792 667976748 17.229896
1920 797732300 17.745020
2048 1059000732 16.222717
2176 1153132891 17.870113
2304 1406403864 17.392715
2432 1638841397 17.554311
2560 1955779574 17.156551
2688 2184954852 17.777690
2816 2576015024 17.337224
2944 2853304079 17.885264
3072 3575032714 16.218609
3200 3668869573 17.862723
3328 4282351767 17.214627
3456 4647444167 17.763847
3584 5445037490 16.909592
3712 5776810638 17.707847
3840 6614275005 17.121485
3968 7059051463 17.701034
4096 8517318953 16.136410
];