version = 'GEMM_BLOCKED_PACKED_OPENMP';
MY_MMult = [
128 203051 20.656407
256 610311 54.979235
384 1517810 74.611584
512 2789493 96.230912
640 5150654 101.790569
768 7684924 117.889216
896 11962710 120.260900
1024 12766833 168.208016
1152 18092689 168.999070
1280 29509311 142.134935
1408 38610916 144.586537
1536 50407172 143.784248
1664 61970403 148.698176
1792 75479158 152.481433
1920 86736586 163.204210
2048 98507562 174.401526
2176 122946134 167.606861
2304 156102082 156.699902
2432 192680368 149.308056
2560 218437586 153.611073
2688 235059407 165.249499
2816 274487853 162.706468
2944 294873775 173.064209
3072 329314207 176.069107
3200 379425904 172.724106
3328 428369052 172.092467
3456 504664699 163.586805
3584 541066383 170.170176
3712 594868902 171.962057
3840 646242738 175.237881
3968 703969536 177.497042
4096 826780215 166.233965
4224 868877274 173.477552
4352 1039064190 158.655188
4480 1073606090 167.501643
4608 1106377605 176.874013
4736 1278576397 166.164557
4864 1295077302 177.711283
4992 1442193726 172.516295
5120 1563611675 171.676549
5248 1665601747 173.556270
5376 1813862442 171.318170
5504 1910950745 174.508176
5632 2016324677 177.197450
5760 2157325821 177.166540
5888 2336731328 174.712758
6016 2523751597 172.546785
6144 2616592433 177.275017
6272 2820226427 174.970232
6400 3007909263 174.303130
6528 3245259498 171.443492
6656 3473208014 169.800569
6784 3698114178 168.852384
6912 3927352913 168.167185
7040 4187853497 166.631266
7168 4427498516 166.366378
7296 4686884980 165.729636
7424 4943715407 165.535225
7552 5209262383 165.363519
7680 5261466008 172.189588
7808 5566792903 171.018993
7936 6094685733 164.015033
8064 5853800652 179.161060
8192 6149079522 178.809141
];