version = 'GEMM_BLOCKE_128_8_128';
MY_MMult = [
128 219805 19.081932
256 1799548 18.646033
384 6547565 17.295927
512 14386107 18.659353
640 28337745 18.501402
768 49455139 18.319020
896 77887188 18.470898
1024 117389977 18.293586
1152 164821554 18.551261
1280 230428299 18.202209
1408 300141315 18.599967
1536 392582892 18.461725
1664 503546294 18.299978
1792 618241054 18.615991
1920 761105096 18.598977
2048 960141941 17.893051
2176 1102030960 18.698763
2304 1328013395 18.419378
2432 1578664897 18.223457
2560 1842738573 18.209003
2688 2094258122 18.547594
2816 2404454436 18.574255
2944 2755874244 18.517571
3072 3210831214 18.058270
3200 3569322204 18.360909
3328 3976247441 18.539864
3456 4498554875 18.351779
3584 4974729727 18.508214
3712 5593751613 18.287348
3840 6134529011 18.460457
3968 6724817883 18.580802
4096 7476082152 18.383821
];