version = 'GEMM_BLOCKED_PACKED';
MY_MMult = [
128 165535 25.337868
256 1299219 25.826617
384 4565737 24.803489
512 11470918 23.401393
640 21199485 24.731167
768 36205589 25.022923
896 58120140 24.752973
1024 85428437 25.137808
1152 124599609 24.539785
1280 165713290 25.310607
1408 219869986 25.390544
1536 288073130 25.159435
1664 387063990 23.807138
1792 456772623 25.196716
1920 549598977 25.756554
2048 661977818 25.952334
2176 786422368 26.202988
2304 955464939 25.601338
2432 1106289301 26.004709
2560 1284337830 26.125861
2688 1517323819 25.599973
2816 1735673060 25.731199
2944 1978348990 25.795295
3072 2294281619 25.272424
3200 2715356061 24.135325
3328 2998851605 24.582439
3456 3239521914 25.484157
3584 3569220417 25.796491
3712 3945657705 25.925939
3840 4378120202 25.866400
3968 4824704141 25.898481
4096 5341280835 25.731460
];