version = 'GEMM_BLOCKED_32_32_32';
MY_MMult = [
128 314171 13.350386
256 2696639 12.443057
384 8704207 13.010514
512 20917248 12.833211
640 40359577 12.990424
768 71537667 12.664233
896 111482970 12.904628
1024 182323977 11.778394
1152 239024324 12.792203
1280 334424635 12.541851
1408 442358156 12.620133
1536 600447604 12.070591
1664 726027123 12.692206
1792 954995809 12.051540
1920 1119940484 12.639757
2048 1582557104 10.855766
2176 1615410543 12.756272
2304 1951110321 12.537057
2432 2265928445 12.696222
2560 2817907512 11.907570
2688 3043117462 12.764361
2816 3558590050 12.550181
2944 4056386994 12.580678
3072 5584924344 10.381888
3200 5154517768 12.714283
3328 5912490963 12.468364
3456 6491418630 12.717788
3584 7663309449 12.014830
3712 8099794355 12.629318
3840 9162186799 12.360172
3968 9902964208 12.617688
4096 13437000000 10.228396
];