version = 'GEMM_BLOCKED_PACKED_AVX_1_OPENMP';
MY_MMult = [
128 152511 27.501649
256 350646 95.693183
384 1027061 110.262397
512 1883418 142.525693
640 3167839 165.503360
768 6195119 146.239267
896 6607288 217.736274
1024 8655366 248.110091
1152 14790721 206.727422
1280 19492421 215.176145
1408 25399625 219.791380
1536 31844619 227.597551
1664 41865777 220.105455
1792 50520271 227.812914
1920 59072373 239.634457
2048 70181990 244.790283
2176 85261667 241.686754
2304 101607510 240.741860
2432 127645277 225.380302
2560 134320465 249.808784
2688 157330448 246.890858
2816 182933262 244.137936
2944 206974797 246.561888
3072 231922749 250.005913
3200 286207972 228.980344
3328 333699669 220.914475
3456 358207308 230.471249
3584 398207270 231.219690
3712 453239349 225.697262
3840 490384557 230.933471
3968 537875591 232.307457
4096 578505037 237.576071
4224 609369948 247.354999
4352 653838429 252.130981
4480 723038417 248.715393
4608 786048936 248.953263
4736 846451000 250.993951
4864 928047177 247.993696
4992 991560794 250.919480
5120 1066343339 251.734546
5248 1168259663 247.441245
5376 1235486374 251.518431
5504 1339208402 249.010182
5632 1435313101 248.926587
5760 1528453579 250.060556
5888 1645739820 248.068844
6016 1745537018 249.473497
6144 1896923139 244.530977
6272 2137778653 230.826363
6400 2285558551 229.391629
6528 2418115195 230.087723
6656 2530883039 233.022502
6784 2704200321 230.913143
6912 2850127531 231.727134
7040 2944451240 236.997413
7168 2919170779 252.327441
7296 3094868498 250.981824
7424 3295092763 248.356906
7552 3606203632 238.872246
7680 3744170505 241.968057
7808 3812628945 249.703638
7936 4308969248 231.985894
8064 4314983717 243.053787
8192 4381255917 250.958093
];