version = 'GEMM_BLOCKED_128_64_128';
MY_MMult = [
128 219795 19.082800
256 1854799 18.090603
384 6096569 18.575400
512 14497397 18.516114
640 28039308 18.698322
768 48572091 18.652062
896 78925556 18.227889
1024 117198728 18.323438
1152 164012163 18.642810
1280 226070380 18.553090
1408 309383452 18.044335
1536 391025495 18.535255
1664 508557631 18.119649
1792 618508957 18.607928
1920 770791708 18.365242
2048 926400727 18.544749
2176 1116760005 18.452143
2304 1310000185 18.672655
2432 1562603402 18.410770
2560 1822225582 18.413984
2688 2102466916 18.475177
2816 2487465314 17.954401
2944 2849225816 17.910864
3072 3236558841 17.914724
3200 3616872297 18.119523
3328 4038032859 18.256188
3456 4503824919 18.330305
3584 5107948828 18.025506
3712 5599823470 18.267519
3840 6237291931 18.156310
3968 6898854024 18.112068
4096 7715146091 17.814174
];