version = 'GEMM_BLOCKED_PACKED_AVX_2';
MY_MMult = [
128 86648 48.406241
256 725933 46.222492
384 2540250 44.580733
512 5800808 46.275529
640 10884412 48.168702
768 19444315 46.593036
896 31256220 46.027519
1024 46824301 45.862588
1152 64881289 47.126801
1280 89172239 47.035984
1408 118682581 47.038231
1536 151921655 47.707204
1664 195840505 47.053013
1792 245021853 46.972015
1920 296478494 47.746384
2048 369088889 46.546698
2176 451424815 45.647946
2304 518537619 47.173397
2432 614899872 46.786042
2560 708558759 47.355892
2688 821074821 47.308051
2816 974083018 45.849222
2944 1197502406 42.615444
3072 1272177849 45.577007
3200 1414635190 46.327138
3328 1603274647 45.980324
3456 1768877335 46.671685
3584 1947262136 47.283496
3712 2199191887 46.514759
3840 2464771742 45.945921
3968 2685914964 46.521395
4096 2944212746 46.681054
];