version = 'GEMM_BLOCKED_64_128_64';
MY_MMult = [
128 229770 18.254359
256 1840474 18.231408
384 6288405 18.008733
512 15080277 17.800433
640 29710040 17.646829
768 51066747 17.740892
896 80900966 17.782807
1024 123408288 17.401454
1152 172191415 17.757259
1280 238284771 17.602065
1408 313244715 17.821908
1536 412758055 17.559336
1664 517138870 17.818977
1792 651426137 17.667652
1920 797092343 17.759267
2048 1045486855 16.432411
2176 1155829266 17.828425
2304 1394499125 17.541195
2432 1682421830 17.099595
2560 1990202893 16.859805
2688 2243738202 17.311935
2816 2554376940 17.484087
2944 2894238469 17.632305
3072 3568304831 16.249189
3200 3718246285 17.625513
3328 4095122837 18.001679
3456 4626509970 17.844225
3584 5383483191 17.102935
3712 5679731054 18.010515
3840 6337307397 17.869767
3968 7128418221 17.528785
4096 8169828291 16.822747
];