version = 'GEMM_BLOCKED_128_8_128';
MY_MMult = [
128 220654 19.008511
256 1772694 18.928496
384 6086541 18.606004
512 14391514 18.652343
640 28182058 18.603609
768 48511485 18.675364
896 76761197 18.741843
1024 116553731 18.424838
1152 163861387 18.659964
1280 228061246 18.391130
1408 298273461 18.716444
1536 391018761 18.535574
1664 491413751 18.751787
1792 618057317 18.621526
1920 765877657 18.483077
2048 930516740 18.462719
2176 1101942627 18.700262
2304 1324324471 18.470686
2432 1545885848 18.609868
2560 1893833393 17.717732
2688 2075971543 18.710974
2816 2424725178 18.418974
2944 2727245912 18.711953
3072 3146954145 18.424818
3200 3620266114 18.102537
3328 3945637436 18.683695
3456 4411272630 18.714891
3584 4974618180 18.508629
3712 5480467347 18.665357
3840 6076883234 18.635574
3968 6793909652 18.391842
4096 7482953736 18.366939
];