version = 'GEMM_BLOCKED_128_128_64';
MY_MMult = [
128 230811 18.172028
256 1896294 17.694741
384 6315213 17.932286
512 15747647 17.046068
640 31996027 16.386034
768 52529499 17.246874
896 82774557 17.380296
1024 124580427 17.237729
1152 171554051 17.823232
1280 241339508 17.379268
1408 327062166 17.068983
1536 412776598 17.558547
1664 532809925 17.294884
1792 662867808 17.362693
1920 802594015 17.637530
2048 1029266312 16.691374
2176 1173797366 17.555514
2304 1414337773 17.295148
2432 1635379814 17.591468
2560 1951296190 17.195971
2688 2222341328 17.478615
2816 2603999554 17.150905
2944 2930731393 17.412751
3072 3550147396 16.332296
3200 3782488724 17.326159
3328 4345019699 16.966341
3456 4851068045 17.018208
3584 5447967184 16.900499
3712 5925863640 17.262442
3840 6594156234 17.173722
3968 7308756508 17.096275
4096 8425309586 16.312629
];