version = 'GEMM_BLOCKED_OPENMP';
MY_MMult = [
128 249361 16.820208
256 1151288 29.145124
384 1887009 60.013602
512 3752887 71.527721
640 4470098 117.287809
768 9973732 90.835573
896 12574213 114.412431
1024 18391025 116.768024
1152 23834521 128.286514
1280 32817522 127.806847
1408 42519446 131.295658
1536 57944658 125.080682
1664 68432748 134.656084
1792 86842702 132.528928
1920 105428088 134.269494
2048 134749223 127.495126
2176 154089457 133.731509
2304 183153414 133.555692
2432 217908401 132.022130
2560 253539091 132.344215
2688 288921590 134.442875
2816 332439338 134.343153
2944 382507560 133.414610
3072 439607542 131.895049
3200 520171635 125.989184
3328 547864879 134.557059
3456 613296085 134.611141
3584 693464984 132.772906
3712 756976871 135.136071
3840 839307092 134.928215
3968 928437576 134.583642
4096 1038799610 132.305550
4224 1116627376 134.987469
4352 1304689094 126.354183
4480 1327713505 135.443967
4608 1478531726 132.353905
4736 1575408731 134.856483
4864 1716343869 134.093088
4992 1850964588 134.417439
5120 2041270385 131.504115
5248 2157505332 133.986054
5376 2331860375 133.261664
5504 2493404774 133.743439
5632 2711616486 131.761845
5760 2841646338 134.501590
5888 3059610043 133.434251
6016 3236457018 134.549979
6144 3550772554 130.635365
6272 3691988643 133.655793
6400 3944685074 132.909976
6528 4163626484 133.628370
6656 4476834773 131.734300
6784 4677047148 133.510605
6912 4989677196 132.363650
7040 5229713183 133.435105
7168 5699539599 129.236209
7296 5832931119 133.167309
7424 6181527176 132.387842
7552 6516092958 132.199152
7680 6914601300 131.022690
7808 7143869100 133.264944
7936 7548653288 132.423632
8064 7880736961 133.080591
8192 8682231951 126.639283
];