version = 'GEMM_IKJ_OPENMP';
MY_MMult = [
128 38161 109.910747
256 259775 129.167287
384 871519 129.941181
512 2465320 108.884630
640 4616432 113.569961
768 8598020 105.369569
896 13103561 109.790482
1024 20530447 104.599946
1152 31592181 96.784949
1280 39231888 106.910583
1408 50970559 109.526337
1536 63241579 114.604307
1664 82781042 111.316380
1792 111767301 102.974395
1920 133064255 106.383010
2048 170673143 100.659476
2176 218824111 94.169767
2304 252788960 96.765226
2432 293360619 98.066098
2560 356289707 94.177382
2688 414810689 93.641390
2816 508047571 87.907022
2944 552793563 92.316735
3072 637605049 90.937264
3200 795882290 82.343835
3328 796509589 92.552667
3456 910989533 90.622870
3584 1085998120 84.782248
3712 1078858889 94.817665
3840 1428866011 79.256002
3968 1474010782 84.770418
4096 1645016639 83.548671
4224 1838380696 81.991017
4352 1981816434 83.182742
4480 2266392483 79.346709
4608 2736768774 71.503829
4736 2776128712 76.528901
4864 3746036699 61.438226
4992 4022864038 61.846962
5120 3981926487 67.413464
5248 5635229212 51.297936
5376 7154281636 43.435192
5504 10103000000 33.007674
5632 11766000000 30.366105
5760 13758000000 27.780633
5888 11156000000 36.595265
6016 12286000000 35.444020
6144 11543000000 40.185088
6272 10948000000 45.072677
6400 11447000000 45.801345
6528 19868000000 28.003756
6656 17405000000 33.884096
6784 17988000000 34.713998
6912 25161000000 26.249032
7040 29958000000 23.293522
7168 29198000000 25.227306
7296 30137000000 25.774156
7424 32662000000 25.055387
7552 28780000000 29.931270
7680 30420000000 29.782040
7808 33930000000 28.058571
7936 38275000000 26.116789
8064 29498000000 35.554042
8192 32655000000 33.670544
];