version = 'GEMM_BLOCKED_256_256_256';
MY_MMult = [
256 1718393 19.526634
512 15079711 17.801101
768 52801774 17.157940
1024 125092949 17.167104
1280 236276607 17.751668
1536 409318070 17.706908
1792 665116402 17.303994
2048 981466930 17.504277
2304 1416729142 17.265955
2560 1995895085 16.811721
2816 2524768507 17.689126
3072 3367578360 17.217731
3328 4189447946 17.596373
3584 5111098218 18.014399
3840 6269575914 18.062818
4096 7951499471 17.284659
];