version = 'GEMM_BLOCKED_128_256_128';
MY_MMult = [
256 1794866 18.694672
512 14373686 18.675478
768 48280665 18.764648
1024 114839667 18.699842
1280 222984169 18.809873
1536 389337774 18.615603
1792 626987137 18.356310
2048 926896821 18.534824
2304 1323506109 18.482107
2560 1824968857 18.386304
2816 2402848326 18.586670
3072 3224492015 17.981765
3328 4007947932 18.393225
3584 5002835504 18.404235
3840 6202751243 18.257416
4096 7456569790 18.431927
];