version = 'GEMM_BLOCKED_128_128_128';
MY_MMult = [
128 219731 19.088358
256 1770654 18.950304
384 6021595 18.806680
512 14429063 18.603804
640 28025564 18.707491
768 48850501 18.545760
896 77530120 18.555966
1024 114346422 18.780506
1152 163818196 18.664884
1280 227350763 18.448603
1408 305810408 18.255162
1536 400703974 18.087560
1664 494489507 18.635149
1792 612040500 18.804589
1920 764726368 18.510903
2048 925373682 18.565332
2176 1107260088 18.610456
2304 1317945395 18.560087
2432 1549036771 18.572013
2560 1813252429 18.505108
2688 2091142939 18.575224
2816 2401091762 18.600267
2944 2763164376 18.468716
3072 3151117487 18.400475
3200 3569810062 18.358400
3328 3991991042 18.466747
3456 4463141265 18.497395
3584 5003251189 18.402706
3712 5532958079 18.488280
3840 6145494631 18.427517
3968 6793348495 18.393361
4096 7483237348 18.366243
];