version = 'GEMM_BLOCKED_16_16_16';
MY_MMult = [
128 634655 6.608794
256 5145673 6.520903
384 17508547 6.468053
512 40708012 6.594168
640 80514745 6.511702
768 146384520 6.188972
896 222890609 6.454495
1024 321554241 6.678449
1152 472548150 6.470553
1280 681164284 6.157551
1408 862879455 6.469755
1536 1183100616 6.126070
1664 1424105887 6.470647
1792 1800882324 6.390851
1920 2186048155 6.475510
2048 3421236135 5.021539
2176 3182056606 6.475880
2304 3772657293 6.483807
2432 4433026023 6.489637
2560 5474044789 6.129733
2688 6011958354 6.461031
2816 6916121771 6.457513
2944 7840598238 6.508699
3072 12896000000 4.496127
3200 10129000000 6.470135
3328 11390000000 6.472264
3456 12888000000 6.405686
3584 15084000000 6.104041
];