version = 'GEMM_BLOCKED_128_128_256';
MY_MMult = [
256 1761874 19.044740
512 14501014 18.511496
768 51257995 17.674700
1024 115826808 18.540472
1280 225809715 18.574506
1536 421784309 17.183563
1792 620328799 18.553338
2048 925347452 18.565858
2304 1322299716 18.498969
2560 1817196836 18.464941
2816 2424981027 18.417030
3072 3144677026 18.438160
3328 3975427641 18.543687
3584 5007767535 18.386109
3840 6136049520 18.455882
4096 7444669103 18.461392
];