version = 'GEMM_BLOCKED_128_128_1';
MY_MMult = [
128 2389827 1.755066
256 30894316 1.086104
384 64388009 1.758809
512 282226690 0.951134
640 300727797 1.743397
768 826438272 1.096234
896 833024524 1.727016
1024 3604880623 0.595716
1152 1742838683 1.754407
1280 3791887391 1.106126
1408 3188934760 1.750622
1536 10017000000 0.723546
1664 5317680400 1.732877
1792 10497000000 1.096425
1920 7986205189 1.772528
2048 25737000000 0.667516
2176 11577000000 1.779962
];