version = 'GEMM_BLOCKED_64_128_128';
MY_MMult = [
128 218454 19.199941
256 1773560 18.919254
384 6048829 18.722005
512 14571254 18.422262
640 28152523 18.623127
768 49125789 18.441834
896 78160920 18.406210
1024 114914696 18.687633
1152 164677158 18.567527
1280 225563088 18.594815
1408 301100964 18.540687
1536 390743633 18.548625
1664 498547076 18.483482
1792 624278126 18.435966
1920 767829176 18.436101
2048 927972873 18.513331
2176 1115505346 18.472897
2304 1317988865 18.559475
2432 1550547901 18.553913
2560 1812553467 18.512244
2688 2098221071 18.512563
2816 2414610106 18.496133
2944 2753977382 18.530325
3072 3142779890 18.449290
3200 3541375491 18.505804
3328 3983223631 18.507393
3456 4612697087 17.897660
3584 4993211717 18.439707
3712 5561667112 18.392845
3840 6138804112 18.447601
3968 6758530278 18.488119
4096 7585953458 18.117558
];