version = 'GEMM_BLOCKED_PACKED_AVX';
MY_MMult = [
128 120717 34.744932
256 948019 35.394261
384 3164804 35.783008
512 7465619 35.956222
640 14618809 35.863934
768 26100393 34.710959
896 41504294 34.662589
1024 60074227 35.747171
1152 86315799 35.423962
1280 118508053 35.392565
1408 157064133 35.543561
1536 206149471 35.157778
1664 265189032 34.748367
1792 335690539 34.285060
1920 408808772 34.626889
2048 495511432 34.670985
2176 575879893 35.782836
2304 691536436 35.372223
2432 816789639 35.221714
2560 948393779 35.380274
2688 1110618486 34.974611
2816 1276431322 34.988917
2944 1455664785 35.057588
3072 1642220566 35.307108
3200 1884997424 34.767156
3328 2147707900 34.324541
3456 2302865382 35.849462
3584 2544060892 36.191493
3712 2829900956 36.147866
3840 3170206899 35.722024
3968 3496208717 35.739431
4096 3791972385 36.244714
];