version = 'GEMM_BLOCKED_PACKED_AVX_2_OPENMP';
MY_MMult = [
128 136750 30.671327
256 379235 88.479260
384 781431 144.921571
512 957365 280.389878
640 2677788 195.791452
768 3784896 239.364480
896 5948837 241.836559
1024 6990565 307.197437
1152 10364649 295.007348
1280 14873921 281.990472
1408 19335319 288.726482
1536 24552986 295.188427
1664 31359943 293.842559
1792 39122887 294.179982
1920 49447836 286.276957
2048 58188262 295.246302
2176 69704203 295.629455
2304 86110525 284.067260
2432 96735472 297.395883
2560 112795336 297.480669
2688 129466719 300.026521
2816 150004139 297.731445
2944 171375265 297.779827
3072 183801466 315.460261
3200 197717709 331.462469
3328 221422076 332.934676
3456 272969606 302.438381
3584 326431178 282.060562
3712 327724111 312.137181
3840 370744128 305.456512
3968 414226739 301.652449
4096 441012867 311.643863
4224 461283015 326.764043
4352 555695144 296.660725
4480 567287522 317.001127
4608 619480083 315.893041
4736 690038579 307.887250
4864 749097913 307.236004
4992 787984017 315.744880
5120 852635940 314.830097
5248 918924132 314.580514
5376 982323872 316.339248
5504 1053169741 316.640818
5632 1126455042 317.178741
5760 1206914526 316.680215
5888 1279323697 319.119215
6016 1470653636 296.103184
6144 1453858905 319.051915
6272 1549864932 318.386242
6400 1641754165 319.346228
6528 1744938705 318.852816
6656 1850211204 318.748852
6784 1947247916 320.675858
6912 2059484293 320.687993
7040 2176273083 320.652465
7168 2382015983 309.228358
7296 2465310282 315.074231
7424 2563090219 319.286085
7552 2780270712 309.833844
7680 2886815298 313.830145
7808 3050575701 312.081197
7936 3160814186 316.253985
8064 3301226403 317.691974
8192 3517145022 312.614811
];