version = 'GEPB_ALIGNED_GEMM';
MY_MMult = [
128 72590 57.780741
256 592043 56.675667
384 1944718 58.232714
512 4751020 56.500595
640 9153169 57.279397
768 15826755 57.242920
896 25349526 56.752393
1024 38457653 55.840216
1152 53765067 56.870526
1280 71699661 58.498240
1408 97463514 57.279062
1536 128247907 56.513650
1664 164495488 56.019080
1792 209056677 55.052871
1920 259671583 54.514151
2048 313157734 54.860115
2176 395863185 52.054893
2304 451978362 54.120248
2432 526449325 54.646724
2560 638091669 52.585598
2688 751331679 51.699470
2816 874049633 51.096582
2944 992362367 51.424861
3072 1183197755 49.004537
3200 1297533087 50.508153
3328 1380255284 53.409748
3456 1532291055 53.877810
3584 1749651289 52.623835
3712 1882670370 54.334992
3840 2127251260 53.235934
3968 2261822346 55.244175
4096 2418940750 56.817826
];